93.4367905
93.8290863
77.258399963
84.28427887
79.37595367
87.390991210938
85.210281
99.9414749145508
92.527008
87.5505828857422
81.026153564
90.4279709
97.6005554199219
83.719574
93.9492035
88.427536
98.906539917
96.828827
77.10783386
84.456848
80.5482559
84.410377502
94.376465
94.200187683105
98.60526276
83.03630065918
87.8009415
87.9421997
91.783051
88.9434585571
75.08861541748
98.118240356
84.627609
75.1601028442383
76.0601654052734
93.21923828125
81.4647903442383
97.36695862
86.98146057129
87.7447204589844
98.317924499512
90.21813964844
94.24530792
96.52037
99.822121
96.7606048584
87.834816
98.9058990478516
89.825904846
84.1978759766
83.6829452514648
97.49449921
80.04672241211
90.98899078369
86.428619384766
77.61490631
99.51474
95.8654098511
95.993385314941
79.7884063721
77.8496017
95.72624206543
96.427856
88.1468582153
93.6981277466
77.13983154297
99.76184845
92.5288162
94.4957962036
96.836761475
87.25152588
90.6709518432617
92.28471374512
80.5263214111
78.922134
84.09358978
86.863739
97.45616149902
99.45196533203
94.5453491211
82.94775391
95.5311737061
96.319511
87.518180847168
96.577804565
96.7397155761719
83.8066024780273
95.5956039428711
98.94702148
89.3694
86.436653137
84.6408996582
78.28282928
81.59197998047
92.700080872
95.884888
97.82250977
83.35743713
79.4760513
84.957329
